   0.0000000e+00   3.0000000e+00   0.0000000e+00   1.5000000e+01   1.0000000e+00   4.8000000e+01   7.2492012e-01
   0.0000000e+00   2.0000000e+00   0.0000000e+00   1.0000000e+01   1.0000000e+00   4.8000000e+01   5.6977509e-01
   0.0000000e+00   1.0000000e+00   0.0000000e+00   1.0000000e+01   1.0000000e+00   4.8000000e+01   6.2161923e-01
   1.0000000e+00   2.0000000e+00   0.0000000e+00   5.0000000e+00   1.0000000e+00   4.8000000e+01   5.3991124e-01
   1.0000000e+00   1.0000000e+00   0.0000000e+00   1.0000000e+01   1.0000000e+00   4.8000000e+01   7.8102441e-01
   0.0000000e+00   1.0000000e+00   0.0000000e+00   1.5000000e+01   1.0000000e+00   4.8000000e+01   8.2417440e-01
   0.0000000e+00   3.0000000e+00   0.0000000e+00   1.0000000e+01   1.0000000e+00   4.8000000e+01   7.5502078e-01
   1.0000000e+00   4.0000000e+00   0.0000000e+00   1.5000000e+01   1.0000000e+00   4.8000000e+01   6.6262684e-01
   1.0000000e+00   1.0000000e+00   0.0000000e+00   1.5000000e+01   1.0000000e+00   4.8000000e+01   8.1495172e-01
   1.0000000e+00   2.0000000e+00   0.0000000e+00   2.0000000e+01   1.0000000e+00   4.8000000e+01   7.4034349e-01
   0.0000000e+00   2.0000000e+00   0.0000000e+00   5.0000000e+00   1.0000000e+00   4.8000000e+01   7.1071087e-01
   1.0000000e+00   4.0000000e+00   0.0000000e+00   1.0000000e+01   1.0000000e+00   4.8000000e+01   8.9235830e-01
   0.0000000e+00   2.0000000e+00   0.0000000e+00   1.5000000e+01   1.0000000e+00   4.8000000e+01   8.4066340e-01
   1.0000000e+00   4.0000000e+00   0.0000000e+00   5.0000000e+00   1.0000000e+00   4.8000000e+01   7.3939616e-01
   1.0000000e+00   3.0000000e+00   0.0000000e+00   1.5000000e+01   1.0000000e+00   4.8000000e+01   8.0507835e-01
   0.0000000e+00   1.0000000e+00   0.0000000e+00   5.0000000e+00   1.0000000e+00   4.8000000e+01   6.1190074e-01
   1.0000000e+00   2.0000000e+00   0.0000000e+00   1.5000000e+01   1.0000000e+00   4.8000000e+01   3.8360312e-01
   0.0000000e+00   3.0000000e+00   0.0000000e+00   2.0000000e+01   1.0000000e+00   4.8000000e+01   5.8522667e-01
   0.0000000e+00   4.0000000e+00   0.0000000e+00   1.0000000e+01   1.0000000e+00   4.8000000e+01   8.1636181e-01
   1.0000000e+00   3.0000000e+00   0.0000000e+00   1.0000000e+01   1.0000000e+00   4.8000000e+01   5.1900132e-01
   0.0000000e+00   3.0000000e+00   0.0000000e+00   5.0000000e+00   1.0000000e+00   4.8000000e+01   5.4130976e-01
   1.0000000e+00   1.0000000e+00   0.0000000e+00   5.0000000e+00   1.0000000e+00   4.8000000e+01   6.5814098e-01
   1.0000000e+00   1.0000000e+00   0.0000000e+00   2.0000000e+01   1.0000000e+00   4.8000000e+01   1.2535912e+00
   0.0000000e+00   1.0000000e+00   0.0000000e+00   2.0000000e+01   1.0000000e+00   4.8000000e+01   1.4365391e+00
   0.0000000e+00   4.0000000e+00   0.0000000e+00   5.0000000e+00   1.0000000e+00   4.8000000e+01   5.5841808e-01
   1.0000000e+00   3.0000000e+00   0.0000000e+00   5.0000000e+00   1.0000000e+00   4.8000000e+01   8.7947244e-01
   1.0000000e+00   2.0000000e+00   0.0000000e+00   1.0000000e+01   1.0000000e+00   4.8000000e+01   8.8700721e-01
   0.0000000e+00   2.0000000e+00   0.0000000e+00   2.0000000e+01   1.0000000e+00   4.8000000e+01   7.5230985e-01
   1.0000000e+00   3.0000000e+00   0.0000000e+00   2.0000000e+01   1.0000000e+00   4.8000000e+01   1.4523969e+00
   0.0000000e+00   4.0000000e+00   0.0000000e+00   1.5000000e+01   1.0000000e+00   4.8000000e+01   1.5991339e+00
   0.0000000e+00   4.0000000e+00   0.0000000e+00   2.0000000e+01   1.0000000e+00   4.8000000e+01   2.0029110e+00
   1.0000000e+00   4.0000000e+00   0.0000000e+00   2.0000000e+01   1.0000000e+00   4.8000000e+01   2.4060844e+00
