   0.0000000e+00   2.0000000e+00   0.0000000e+00   2.0000000e+01   1.0000000e+00   4.8000000e+01   9.1326756e-01
   1.0000000e+00   4.0000000e+00   0.0000000e+00   1.0000000e+01   1.0000000e+00   4.8000000e+01   5.1975934e-01
   1.0000000e+00   2.0000000e+00   0.0000000e+00   1.0000000e+01   1.0000000e+00   4.8000000e+01   4.3346604e-01
   0.0000000e+00   4.0000000e+00   0.0000000e+00   1.0000000e+01   1.0000000e+00   4.8000000e+01   6.4507692e-01
   1.0000000e+00   3.0000000e+00   0.0000000e+00   5.0000000e+00   1.0000000e+00   4.8000000e+01   9.1941713e-01
   0.0000000e+00   3.0000000e+00   0.0000000e+00   5.0000000e+00   1.0000000e+00   4.8000000e+01   9.4411620e-01
   1.0000000e+00   4.0000000e+00   0.0000000e+00   2.0000000e+01   1.0000000e+00   4.8000000e+01   9.8499551e-01
   0.0000000e+00   4.0000000e+00   0.0000000e+00   2.0000000e+01   1.0000000e+00   4.8000000e+01   8.4843687e-01
   1.0000000e+00   2.0000000e+00   0.0000000e+00   1.5000000e+01   1.0000000e+00   4.8000000e+01   7.1306574e-01
   1.0000000e+00   2.0000000e+00   0.0000000e+00   5.0000000e+00   1.0000000e+00   4.8000000e+01   7.2361934e-01
   0.0000000e+00   1.0000000e+00   0.0000000e+00   1.0000000e+01   1.0000000e+00   4.8000000e+01   1.0103725e+00
   1.0000000e+00   3.0000000e+00   0.0000000e+00   1.0000000e+01   1.0000000e+00   4.8000000e+01   1.0261852e+00
   1.0000000e+00   3.0000000e+00   0.0000000e+00   2.0000000e+01   1.0000000e+00   4.8000000e+01   1.0746463e+00
   1.0000000e+00   1.0000000e+00   0.0000000e+00   5.0000000e+00   1.0000000e+00   4.8000000e+01   8.9130728e-01
   0.0000000e+00   1.0000000e+00   0.0000000e+00   5.0000000e+00   1.0000000e+00   4.8000000e+01   8.7662061e-01
   1.0000000e+00   4.0000000e+00   0.0000000e+00   5.0000000e+00   1.0000000e+00   4.8000000e+01   8.3161210e-01
   0.0000000e+00   3.0000000e+00   0.0000000e+00   1.5000000e+01   1.0000000e+00   4.8000000e+01   9.0269013e-01
   0.0000000e+00   4.0000000e+00   0.0000000e+00   1.5000000e+01   1.0000000e+00   4.8000000e+01   8.8575994e-01
   1.0000000e+00   3.0000000e+00   0.0000000e+00   1.5000000e+01   1.0000000e+00   4.8000000e+01   9.2361952e-01
   1.0000000e+00   1.0000000e+00   0.0000000e+00   1.5000000e+01   1.0000000e+00   4.8000000e+01   8.6233866e-01
   0.0000000e+00   1.0000000e+00   0.0000000e+00   1.5000000e+01   1.0000000e+00   4.8000000e+01   8.6648656e-01
   0.0000000e+00   2.0000000e+00   0.0000000e+00   1.0000000e+01   1.0000000e+00   4.8000000e+01   8.6214305e-01
   1.0000000e+00   1.0000000e+00   0.0000000e+00   2.0000000e+01   1.0000000e+00   4.8000000e+01   9.7965611e-01
   1.0000000e+00   1.0000000e+00   0.0000000e+00   1.0000000e+01   1.0000000e+00   4.8000000e+01   8.4986418e-01
   1.0000000e+00   4.0000000e+00   0.0000000e+00   1.5000000e+01   1.0000000e+00   4.8000000e+01   9.4512985e-01
   0.0000000e+00   4.0000000e+00   0.0000000e+00   5.0000000e+00   1.0000000e+00   4.8000000e+01   8.6789335e-01
   0.0000000e+00   3.0000000e+00   0.0000000e+00   1.0000000e+01   1.0000000e+00   4.8000000e+01   9.8325444e-01
   0.0000000e+00   2.0000000e+00   0.0000000e+00   1.5000000e+01   1.0000000e+00   4.8000000e+01   9.4080756e-01
   1.0000000e+00   2.0000000e+00   0.0000000e+00   2.0000000e+01   1.0000000e+00   4.8000000e+01   5.8126789e-01
   0.0000000e+00   2.0000000e+00   0.0000000e+00   5.0000000e+00   1.0000000e+00   4.8000000e+01   6.7819104e-01
   0.0000000e+00   3.0000000e+00   0.0000000e+00   2.0000000e+01   1.0000000e+00   4.8000000e+01   9.8057442e-01
   0.0000000e+00   1.0000000e+00   0.0000000e+00   2.0000000e+01   1.0000000e+00   4.8000000e+01   9.8739599e-01
