   0.0000000e+00   4.0000000e+00   0.0000000e+00   1.5000000e+01   1.0000000e+00   4.9000000e+01   2.0822911e+00
   1.0000000e+00   3.0000000e+00   0.0000000e+00   5.0000000e+00   1.0000000e+00   4.8000000e+01   7.4213785e+00
   1.0000000e+00   2.0000000e+00   0.0000000e+00   2.0000000e+01   1.0000000e+00   4.8000000e+01   1.4671821e+00
   0.0000000e+00   1.0000000e+00   0.0000000e+00   1.5000000e+01   1.0000000e+00   4.9000000e+01   1.4573839e+00
   0.0000000e+00   3.0000000e+00   0.0000000e+00   1.5000000e+01   1.0000000e+00   9.7000000e+01   3.1084987e+00
   0.0000000e+00   4.0000000e+00   0.0000000e+00   2.0000000e+01   1.0000000e+00   1.0800000e+02   2.7953571e+00
   1.0000000e+00   4.0000000e+00   0.0000000e+00   1.5000000e+01   1.0000000e+00   4.8000000e+01   1.9957743e+00
   0.0000000e+00   2.0000000e+00   0.0000000e+00   1.5000000e+01   1.0000000e+00   4.9000000e+01   1.9151170e+00
   1.0000000e+00   2.0000000e+00   0.0000000e+00   1.5000000e+01   1.0000000e+00   4.9000000e+01   1.5693914e+00
   0.0000000e+00   4.0000000e+00   0.0000000e+00   5.0000000e+00   1.0000000e+00   4.9000000e+01   1.8532288e+00
   1.0000000e+00   4.0000000e+00   0.0000000e+00   1.0000000e+01   1.0000000e+00   4.8000000e+01   2.3590780e+00
   0.0000000e+00   2.0000000e+00   0.0000000e+00   5.0000000e+00   1.0000000e+00   4.8000000e+01   2.4204508e+00
   0.0000000e+00   1.0000000e+00   0.0000000e+00   2.0000000e+01   1.0000000e+00   4.9000000e+01   2.7599791e+00
   0.0000000e+00   3.0000000e+00   0.0000000e+00   1.0000000e+01   1.0000000e+00   4.8000000e+01   8.5414729e+00
   1.0000000e+00   1.0000000e+00   0.0000000e+00   1.5000000e+01   1.0000000e+00   4.9000000e+01   1.8142302e+00
   1.0000000e+00   1.0000000e+00   0.0000000e+00   2.0000000e+01   1.0000000e+00   4.8000000e+01   1.7211595e+00
   0.0000000e+00   3.0000000e+00   0.0000000e+00   5.0000000e+00   1.0000000e+00   4.9000000e+01   1.2373007e+00
   0.0000000e+00   2.0000000e+00   0.0000000e+00   2.0000000e+01   1.0000000e+00   4.8000000e+01   2.5995880e+00
   0.0000000e+00   3.0000000e+00   0.0000000e+00   2.0000000e+01   1.0000000e+00   4.9000000e+01   2.3546919e+00
   1.0000000e+00   3.0000000e+00   0.0000000e+00   1.0000000e+01   1.0000000e+00   4.8000000e+01   1.5717404e+00
   1.0000000e+00   4.0000000e+00   0.0000000e+00   2.0000000e+01   1.0000000e+00   4.9000000e+01   1.9483028e+00
   1.0000000e+00   2.0000000e+00   0.0000000e+00   5.0000000e+00   1.0000000e+00   4.8000000e+01   1.0957088e+00
   1.0000000e+00   3.0000000e+00   0.0000000e+00   1.5000000e+01   1.0000000e+00   4.8000000e+01   1.1973947e+00
   0.0000000e+00   1.0000000e+00   0.0000000e+00   5.0000000e+00   1.0000000e+00   4.9000000e+01   1.2470225e+00
   0.0000000e+00   2.0000000e+00   0.0000000e+00   1.0000000e+01   1.0000000e+00   4.9000000e+01   1.4911241e+00
   1.0000000e+00   1.0000000e+00   0.0000000e+00   5.0000000e+00   1.0000000e+00   4.8000000e+01   2.3948422e+00
   1.0000000e+00   2.0000000e+00   0.0000000e+00   1.0000000e+01   1.0000000e+00   4.8000000e+01   2.7695421e+00
   1.0000000e+00   1.0000000e+00   0.0000000e+00   1.0000000e+01   1.0000000e+00   4.8000000e+01   1.9043257e+00
   0.0000000e+00   4.0000000e+00   0.0000000e+00   1.0000000e+01   1.0000000e+00   4.9000000e+01   5.1873174e+00
   0.0000000e+00   1.0000000e+00   0.0000000e+00   1.0000000e+01   1.0000000e+00   4.9000000e+01   6.1195507e+00
   1.0000000e+00   4.0000000e+00   0.0000000e+00   5.0000000e+00   1.0000000e+00   4.8000000e+01   1.7586224e+00
   1.0000000e+00   3.0000000e+00   0.0000000e+00   2.0000000e+01   1.0000000e+00   4.8000000e+01   2.5225761e+00
