   0.0000000e+00   4.0000000e+00   0.0000000e+00   1.5000000e+01   1.0000000e+00   4.9000000e+01   2.0706031e+00
   0.0000000e+00   4.0000000e+00   0.0000000e+00   2.0000000e+01   1.0000000e+00   4.8000000e+01   2.7295025e+00
   0.0000000e+00   3.0000000e+00   0.0000000e+00   1.5000000e+01   1.0000000e+00   4.9000000e+01   1.4811917e+00
   0.0000000e+00   1.0000000e+00   0.0000000e+00   5.0000000e+00   1.0000000e+00   4.9000000e+01   1.1360890e+00
   0.0000000e+00   4.0000000e+00   0.0000000e+00   1.0000000e+01   1.0000000e+00   4.9000000e+01   1.2314867e+00
   1.0000000e+00   4.0000000e+00   0.0000000e+00   2.0000000e+01   1.0000000e+00   4.8000000e+01   1.5440993e+00
   0.0000000e+00   3.0000000e+00   0.0000000e+00   1.0000000e+01   1.0000000e+00   4.9000000e+01   1.0224729e+00
   1.0000000e+00   4.0000000e+00   0.0000000e+00   1.5000000e+01   1.0000000e+00   4.8000000e+01   1.6872593e+00
   1.0000000e+00   2.0000000e+00   0.0000000e+00   5.0000000e+00   1.0000000e+00   4.8000000e+01   1.0656647e+00
   1.0000000e+00   3.0000000e+00   0.0000000e+00   2.0000000e+01   1.0000000e+00   4.8000000e+01   1.6470922e+00
   0.0000000e+00   1.0000000e+00   0.0000000e+00   2.0000000e+01   1.0000000e+00   4.9000000e+01   1.1904138e+00
   0.0000000e+00   1.0000000e+00   0.0000000e+00   1.5000000e+01   1.0000000e+00   4.9000000e+01   1.0837785e+00
   0.0000000e+00   1.0000000e+00   0.0000000e+00   1.0000000e+01   1.0000000e+00   4.9000000e+01   9.3134533e-01
   1.0000000e+00   4.0000000e+00   0.0000000e+00   5.0000000e+00   1.0000000e+00   4.8000000e+01   8.4101560e-01
   1.0000000e+00   2.0000000e+00   0.0000000e+00   1.5000000e+01   1.0000000e+00   4.9000000e+01   1.0501314e+00
   1.0000000e+00   1.0000000e+00   0.0000000e+00   5.0000000e+00   1.0000000e+00   4.8000000e+01   1.1855855e+00
   0.0000000e+00   4.0000000e+00   0.0000000e+00   5.0000000e+00   1.0000000e+00   4.9000000e+01   2.0558889e+00
   1.0000000e+00   1.0000000e+00   0.0000000e+00   2.0000000e+01   1.0000000e+00   4.8000000e+01   1.3519127e+00
   1.0000000e+00   1.0000000e+00   0.0000000e+00   1.5000000e+01   1.0000000e+00   4.8000000e+01   1.0039979e+00
   0.0000000e+00   2.0000000e+00   0.0000000e+00   1.0000000e+01   1.0000000e+00   4.9000000e+01   1.0139848e+00
   1.0000000e+00   3.0000000e+00   0.0000000e+00   1.0000000e+01   1.0000000e+00   4.8000000e+01   8.7159816e-01
   0.0000000e+00   3.0000000e+00   0.0000000e+00   5.0000000e+00   1.0000000e+00   4.9000000e+01   1.1917201e+00
   1.0000000e+00   2.0000000e+00   0.0000000e+00   2.0000000e+01   1.0000000e+00   4.8000000e+01   9.0255421e-01
   0.0000000e+00   2.0000000e+00   0.0000000e+00   2.0000000e+01   1.0000000e+00   4.9000000e+01   1.1186299e+00
   1.0000000e+00   4.0000000e+00   0.0000000e+00   1.0000000e+01   1.0000000e+00   4.8000000e+01   1.0152482e+00
   0.0000000e+00   3.0000000e+00   0.0000000e+00   2.0000000e+01   1.0000000e+00   4.9000000e+01   1.4865677e+00
   1.0000000e+00   2.0000000e+00   0.0000000e+00   1.0000000e+01   1.0000000e+00   4.8000000e+01   1.4146215e+00
   1.0000000e+00   1.0000000e+00   0.0000000e+00   1.0000000e+01   1.0000000e+00   4.8000000e+01   1.1302205e+00
   1.0000000e+00   3.0000000e+00   0.0000000e+00   5.0000000e+00   1.0000000e+00   4.9000000e+01   1.2138197e+00
   0.0000000e+00   2.0000000e+00   0.0000000e+00   5.0000000e+00   1.0000000e+00   4.9000000e+01   1.5316617e+00
   1.0000000e+00   3.0000000e+00   0.0000000e+00   1.5000000e+01   1.0000000e+00   4.8000000e+01   1.2554299e+00
   0.0000000e+00   2.0000000e+00   0.0000000e+00   1.5000000e+01   1.0000000e+00   4.9000000e+01   1.0462800e+00
