   0.0000000e+00   4.0000000e+00   0.0000000e+00   1.0000000e+01   1.0000000e+00   4.9000000e+01   3.2423677e-01
   0.0000000e+00   4.0000000e+00   0.0000000e+00   1.5000000e+01   1.0000000e+00   4.9000000e+01   4.0701352e-01
   0.0000000e+00   3.0000000e+00   0.0000000e+00   2.0000000e+01   1.0000000e+00   4.9000000e+01   7.0407642e-01
   1.0000000e+00   3.0000000e+00   0.0000000e+00   1.5000000e+01   1.0000000e+00   4.9000000e+01   4.5771740e-01
   0.0000000e+00   2.0000000e+00   0.0000000e+00   1.5000000e+01   1.0000000e+00   4.9000000e+01   1.2638167e+00
   1.0000000e+00   4.0000000e+00   0.0000000e+00   5.0000000e+00   1.0000000e+00   4.9000000e+01   5.0974387e-01
   1.0000000e+00   4.0000000e+00   0.0000000e+00   1.0000000e+01   1.0000000e+00   4.9000000e+01   1.7593140e+00
   1.0000000e+00   1.0000000e+00   0.0000000e+00   2.0000000e+01   1.0000000e+00   4.9000000e+01   1.1363129e+00
   1.0000000e+00   4.0000000e+00   0.0000000e+00   2.0000000e+01   1.0000000e+00   4.9000000e+01   7.9120812e-01
   0.0000000e+00   1.0000000e+00   0.0000000e+00   2.0000000e+01   1.0000000e+00   4.9000000e+01   9.9756550e-01
   1.0000000e+00   1.0000000e+00   0.0000000e+00   5.0000000e+00   1.0000000e+00   4.9000000e+01   1.3642479e+00
   1.0000000e+00   4.0000000e+00   0.0000000e+00   1.5000000e+01   1.0000000e+00   4.9000000e+01   9.8575509e-01
   0.0000000e+00   3.0000000e+00   0.0000000e+00   1.0000000e+01   1.0000000e+00   4.9000000e+01   9.7280539e-01
   1.0000000e+00   3.0000000e+00   0.0000000e+00   1.0000000e+01   1.0000000e+00   4.9000000e+01   1.0500527e+00
   1.0000000e+00   2.0000000e+00   0.0000000e+00   5.0000000e+00   1.0000000e+00   4.9000000e+01   9.3191025e-01
   0.0000000e+00   2.0000000e+00   0.0000000e+00   2.0000000e+01   1.0000000e+00   4.9000000e+01   1.3973347e+00
   0.0000000e+00   3.0000000e+00   0.0000000e+00   5.0000000e+00   1.0000000e+00   4.9000000e+01   7.6882255e-01
   1.0000000e+00   3.0000000e+00   0.0000000e+00   5.0000000e+00   1.0000000e+00   4.9000000e+01   7.8182992e-01
   0.0000000e+00   4.0000000e+00   0.0000000e+00   5.0000000e+00   1.0000000e+00   4.9000000e+01   9.6974488e-01
   1.0000000e+00   1.0000000e+00   0.0000000e+00   1.0000000e+01   1.0000000e+00   4.9000000e+01   1.1527348e+00
   0.0000000e+00   1.0000000e+00   0.0000000e+00   1.5000000e+01   1.0000000e+00   4.9000000e+01   1.4292809e+00
   1.0000000e+00   2.0000000e+00   0.0000000e+00   1.5000000e+01   1.0000000e+00   4.9000000e+01   1.5325331e+00
   0.0000000e+00   1.0000000e+00   0.0000000e+00   1.0000000e+01   1.0000000e+00   4.9000000e+01   1.2333740e+00
   1.0000000e+00   2.0000000e+00   0.0000000e+00   1.0000000e+01   1.0000000e+00   4.9000000e+01   1.2691901e+00
   1.0000000e+00   1.0000000e+00   0.0000000e+00   1.5000000e+01   1.0000000e+00   4.9000000e+01   1.2240159e+00
   0.0000000e+00   3.0000000e+00   0.0000000e+00   1.5000000e+01   1.0000000e+00   4.9000000e+01   1.4763227e+00
   0.0000000e+00   4.0000000e+00   0.0000000e+00   2.0000000e+01   1.0000000e+00   4.9000000e+01   1.4817623e+00
   1.0000000e+00   2.0000000e+00   0.0000000e+00   2.0000000e+01   1.0000000e+00   4.9000000e+01   1.0163517e+00
   0.0000000e+00   2.0000000e+00   0.0000000e+00   1.0000000e+01   1.0000000e+00   4.9000000e+01   1.0587597e+00
   1.0000000e+00   3.0000000e+00   0.0000000e+00   2.0000000e+01   1.0000000e+00   4.9000000e+01   1.3096355e+00
   0.0000000e+00   2.0000000e+00   0.0000000e+00   5.0000000e+00   1.0000000e+00   4.9000000e+01   8.4254107e-01
   0.0000000e+00   1.0000000e+00   0.0000000e+00   5.0000000e+00   1.0000000e+00   4.9000000e+01   1.4253757e+00
